{
  "nbformat": 4,
  "nbformat_minor": 0,
  "metadata": {
    "colab": {
      "provenance": [],
      "authorship_tag": "ABX9TyNBkvdSMcEMJEAUc+TgKkUy",
      "include_colab_link": true
    },
    "kernelspec": {
      "name": "python3",
      "display_name": "Python 3"
    },
    "language_info": {
      "name": "python"
    }
  },
  "cells": [
    {
      "cell_type": "markdown",
      "metadata": {
        "id": "view-in-github",
        "colab_type": "text"
      },
      "source": [
        "<a href=\"https://colab.research.google.com/github/leecy05/Tutorial3/blob/main/Tutorial_3.ipynb\" target=\"_parent\"><img src=\"https://colab.research.google.com/assets/colab-badge.svg\" alt=\"Open In Colab\"/></a>"
      ]
    },
    {
      "cell_type": "code",
      "execution_count": 2,
      "metadata": {
        "id": "p5WNbsHEX7ej"
      },
      "outputs": [],
      "source": [
        "import numpy as np"
      ]
    },
    {
      "cell_type": "code",
      "source": [
        "arr_2x2 = np.array([[1, 2],\n",
        "                    [3, 4]])\n",
        "print(\"2x2 array:\\n\", arr_2x2)"
      ],
      "metadata": {
        "colab": {
          "base_uri": "https://localhost:8080/"
        },
        "id": "8GZG0ogXYYrQ",
        "outputId": "d19e26e4-cb42-413d-cc81-09cb99cc1e2f"
      },
      "execution_count": 3,
      "outputs": [
        {
          "output_type": "stream",
          "name": "stdout",
          "text": [
            "2x2 array:\n",
            " [[1 2]\n",
            " [3 4]]\n"
          ]
        }
      ]
    },
    {
      "cell_type": "code",
      "source": [
        "rand_3x4 = np.random.rand(3, 4)  # values between 0 and 1\n",
        "print(\"Random 3x4 array:\\n\", rand_3x4)"
      ],
      "metadata": {
        "colab": {
          "base_uri": "https://localhost:8080/"
        },
        "id": "Iytd6bAzYe3f",
        "outputId": "f8adc458-cbda-45f0-c833-066246af7465"
      },
      "execution_count": 4,
      "outputs": [
        {
          "output_type": "stream",
          "name": "stdout",
          "text": [
            "Random 3x4 array:\n",
            " [[0.95938097 0.48737741 0.59925988 0.81461119]\n",
            " [0.06032954 0.96245725 0.908979   0.75184721]\n",
            " [0.03686724 0.33457475 0.38662528 0.66225596]]\n"
          ]
        }
      ]
    },
    {
      "cell_type": "code",
      "source": [
        "ones_arr = np.ones((2, 3))\n",
        "zeros_arr = np.zeros((2, 3))\n",
        "\n",
        "print(\"Array of ones:\\n\", ones_arr)\n",
        "print(\"Array of zeroes:\\n\", zeros_arr)"
      ],
      "metadata": {
        "colab": {
          "base_uri": "https://localhost:8080/"
        },
        "id": "mJndzDJxYqj8",
        "outputId": "135da313-1529-4131-d587-216b0e8afcb8"
      },
      "execution_count": 5,
      "outputs": [
        {
          "output_type": "stream",
          "name": "stdout",
          "text": [
            "Array of ones:\n",
            " [[1. 1. 1.]\n",
            " [1. 1. 1.]]\n",
            "Array of zeroes:\n",
            " [[0. 0. 0.]\n",
            " [0. 0. 0.]]\n"
          ]
        }
      ]
    },
    {
      "cell_type": "code",
      "source": [
        "rand_6x3 = np.random.rand(6, 3)\n",
        "print(\"Original 6x3 array:\\n\", rand_6x3)\n",
        "\n",
        "transpose_arr = rand_6x3.T\n",
        "print(\"Transposed array (3x6):\\n\", transpose_arr)"
      ],
      "metadata": {
        "colab": {
          "base_uri": "https://localhost:8080/"
        },
        "id": "4V9lxdA6YyBh",
        "outputId": "85b36b85-25cd-46fd-9dcb-8e0b9cafa15b"
      },
      "execution_count": 6,
      "outputs": [
        {
          "output_type": "stream",
          "name": "stdout",
          "text": [
            "Original 6x3 array:\n",
            " [[0.28920629 0.17259444 0.11729219]\n",
            " [0.16698547 0.39674371 0.71047781]\n",
            " [0.32213875 0.97710986 0.5111148 ]\n",
            " [0.85532507 0.59809376 0.29137661]\n",
            " [0.91243169 0.54575773 0.06276898]\n",
            " [0.36066364 0.05183537 0.46013505]]\n",
            "Transposed array (3x6):\n",
            " [[0.28920629 0.16698547 0.32213875 0.85532507 0.91243169 0.36066364]\n",
            " [0.17259444 0.39674371 0.97710986 0.59809376 0.54575773 0.05183537]\n",
            " [0.11729219 0.71047781 0.5111148  0.29137661 0.06276898 0.46013505]]\n"
          ]
        }
      ]
    },
    {
      "cell_type": "code",
      "source": [
        "A = np.random.rand(2, 3)\n",
        "B = np.random.rand(3, 4)\n",
        "\n",
        "dot_product = np.dot(A, B)\n",
        "print(\"Matrix A (2x3):\\n\", A)\n",
        "print(\"Matrix B (3x4):\\n\", B)\n",
        "print(\"Dot product (2x4):\\n\", dot_product)"
      ],
      "metadata": {
        "colab": {
          "base_uri": "https://localhost:8080/"
        },
        "id": "XL9HoQf6Y3lh",
        "outputId": "7bb58066-f152-4bb8-a8b3-93d3b2caae7a"
      },
      "execution_count": 7,
      "outputs": [
        {
          "output_type": "stream",
          "name": "stdout",
          "text": [
            "Matrix A (2x3):\n",
            " [[0.52849694 0.46158628 0.58963624]\n",
            " [0.78293474 0.32592228 0.4088096 ]]\n",
            "Matrix B (3x4):\n",
            " [[0.66551047 0.96010235 0.5634078  0.87308856]\n",
            " [0.63678196 0.46841291 0.55918072 0.07113566]\n",
            " [0.91254295 0.25389473 0.14936067 0.19248082]]\n",
            "Dot product (2x4):\n",
            " [[1.18371845 0.87332966 0.6439379  0.60775354]\n",
            " [1.10164901 1.00815829 0.68442106 0.78544407]]\n"
          ]
        }
      ]
    },
    {
      "cell_type": "code",
      "source": [],
      "metadata": {
        "id": "AfVn4tXnY7k-"
      },
      "execution_count": null,
      "outputs": []
    }
  ]
}